4294967278,8
4294967278,7
4294967294,474
4294967294,473
4294967278,13
4294967278,12
4294967278,11
4294967278,10
4294967278,9
4294967278,212
4294967279,418
4294967278,287
4294967279,210
4294967278,19
4294967278,18
4294967278,17
4294967278,16
4294967278,15
4294967278,14
4294967278,332
4294967279,417
4294967279,206
4294967278,204
4294967278,203
4294967279,416
4294967278,202
4294967279,321
4294967279,320
4294967278,199
4294967278,286
4294967279,318
4294967278,282
4294967278,280
4294967279,315
4294967278,319
4294967278,260
4294967278,30
4294967278,29
4294967278,28
4294967278,27
4294967278,26
4294967278,25
4294967278,24
4294967278,23
4294967278,22
4294967278,21
4294967278,20
4294967278,317
4294967278,387
4294967279,191
4294967278,316
4294967279,190
4294967278,279
4294967279,293
4294967278,314
4294967279,188
4294967279,187
4294967278,278
4294967279,352
4294967278,276
4294967279,185
4294967278,384
4294967279,184
4294967278,275
4294967279,392
4294967278,269
4294967279,182
4294967279,181
4294967279,371
4294967279,178
4294967279,370
4294967278,36
4294967278,35
4294967278,34
4294967278,33
4294967278,32
4294967278,31
4294967279,289
4294967278,400
4294967278,168
4294967279,288
4294967279,311
4294967278,166
4294967279,287
4294967278,165
4294967278,44
4294967278,43
4294967278,42
4294967278,41
4294967278,40
4294967278,39
4294967278,38
4294967278,37
4294967279,385
4294967278,257
4294967279,344
4294967278,163
4294967279,384
4294967279,217
4294967279,285
4294967278,157
4294967278,54
4294967278,53
4294967278,51
4294967278,50
4294967278,49
4294967278,48
4294967278,47
4294967278,46
4294967278,45
4294967279,382
4294967279,381
4294967278,154
32,72
32,4
4294967279,415
4294967279,414
4294967279,379
4294967279,413
4294967278,148
4294967279,378
4294967278,406
4294967279,340
4294967278,144
4294967279,377
4294967279,281
4294967279,412
4294967278,404
4294967279,280
4294967278,139
4294967279,411
4294967278,52
4294967279,136
4294967279,134
4294967278,62
4294967278,61
4294967278,60
4294967278,59
4294967278,58
4294967278,57
4294967278,56
4294967278,55
4294967279,390
4294967278,256
4294967279,277
4294967279,269
4294967279,410
4294967278,271
4294967279,398
4294967278,419
4294967279,307
4294967278,285
4294967278,268
4294967279,263
4294967278,307
4294967279,365
4294967279,387
4294967278,284
4294967279,386
4294967278,262
4294967279,364
4294967278,137
4294967294,959
4294967279,273
4294967278,258
4294967278,447
4294967278,417
4294967279,300
4294967278,446
4294967279,299
4294967278,445
4294967279,298
4294967278,444
17,4
26,4
4294967278,174
4294967278,64
4294967278,63
4294967279,346
4294967279,86
4294967279,84
4294967279,81
4294967279,80
4294967279,79
4294967279,78
4294967279,77
4294967279,296
4294967278,341
4294967279,252
4294967279,250
24,5
4294967278,250
4294967278,249
25,5
4294967278,246
4294967278,243
4294967278,241
4294967279,238
4294967278,443
4294967278,346
4294967279,239
4294967278,393
4294967279,234
4294967279,232
4294967278,231
4294967279,230
4294967279,260
4294967279,76
4294967279,73
4294967279,71
4294967279,70
4294967279,69
4294967279,68
4294967279,66
4294967279,65
4294967279,64
4294967279,62
4294967279,61
4294967279,59
4294967279,58
4294967279,57
4294967279,55
4294967279,54
4294967279,52
4294967279,51
4294967279,49
4294967279,47
4294967278,229
4294967279,226
4294967278,225
4294967279,224
4294967279,397
4294967279,220
4294967279,218
4294967278,217
4294967279,216
4294967278,442
4294967279,272
4294967278,298
4294967279,213
4294967278,337
4294967279,212
4294967279,211
4294967278,334
4294967279,209
4294967278,333
4294967279,208
4294967279,207
4294967278,331
4294967279,409
4294967278,330
4294967279,205
4294967278,329
4294967279,204
4294967278,328
4294967279,322
4294967279,199
4294967278,322
30,5
30,2
4294967279,0
4294967279,46
4294967279,45
4294967279,44
4294967279,42
4294967279,38
4294967279,35
4294967279,34
4294967279,31
4294967279,30
4294967279,28
4294967279,27
4294967279,25
4294967279,24
4294967279,22
4294967279,19
4294967279,17
4294967279,16
4294967279,15
4294967279,14
4294967279,13
4294967279,12
4294967279,11
4294967279,10
4294967279,8
4294967279,196
30,6
4294967278,320
27,4
18,5
27,5
24,4
17,5
24,6
25,4
30,4
4294967294,15
4294967294,39
4294967294,40
4294967279,194
4294967294,30
4294967294,899
4294967294,97
4294967294,61
4294967294,12
40,4
28,2
4294967278,189
4294967278,188
42,4
42,3
42,2
42,1
4294967279,354
4294967278,187
4294967294,399
4294967294,414
4294967294,2
4294967294,1
4294967294,904
4294967294,906
4294967294,186
4294967294,922
4294967294,956
4294967294,971
4294967294,953
4294967294,951
4294967278,390
4294967294,81
4294967294,50
4294967294,91
4294967294,90
4294967294,87
4294967294,86
4294967294,952
4294967294,957
4294967294,393
4294967294,44
4294967278,385
4294967278,184
4294967294,22
4294967294,17
4294967294,99
4294967294,76
4294967294,41
4294967294,954
4294967294,83
4294967294,107
4294967294,67
